58.7007
1326.81
520.529
253.588
709.109
680.655
611.005
783.795
527.523
431.117
32.3671
1342.95
414.49
989.81
0.745097
123.539
844.719
1763.78
120.271
789.453
58.7007
1326.81
520.529
253.588
709.109
680.655
611.005
783.795
527.523
431.117
32.3671
1342.95
414.49
989.81
0.745097
123.539
844.719
1763.78
120.271
789.453
58.7007
1326.81
520.529
253.588
709.109
680.655
611.005
783.795
527.523
431.117
32.3671
1342.95
414.49
989.81
0.745097
123.539
844.719
1763.78
120.271
789.453
906.682
447.252
1840.95
1675.48
459.097
717.198
227.326
351.157
465.453
1267.29
468.286
73.9303
89.5776
764.635
912.254
2281.94
136.463
495.931
523.775
106.294
807.204
1249.95
268.807
2699.04
1732.26
2389.91
1278.28
727.074
228.482
18.7445
262.495
2799.32
1916.1
1805.27
97.3849
284.374
138.752
811.61
542.658
665.812
2465.74
731.99
875.426
17.7345
2821.85
255.335
14.644
1234.2
1776.78
354.967
1783.24
3150
341.224
197.697
904.277
921.436
2894.53
1028.65
1219.65
535.954
1892.28
70.4863
1.68424
254.182
850.356
1724.31
1748.79
295.69
367.031
2203.17
692.285
1296.4
3150
957.742
257.082
482.445
3150
48.8984
886.253
963.474
776.132
1029.96
1991.56
1151.24
1331.56
68.8976
1384.58
2777.85
459.58
1656.12
1144.2
343.521
768.422
3150
865.846
1796.91
2790.05
886.867
1375.92
1392.38
2750.52
2486.02
193.877
81.629
176.259
384.235
3142.85
331.792
2251.02
1266.89
3150
2658.17
2098.31
2179.67
370.516
2074.96
46.8044
2459.11
2179.71
2040.73
1583.22
846.793
784.935
81.7485
816.724
278.808
740.897
1603.02
467.509
660.135
692.614
108.312
207.85
283.69
578.634
1.85262
1299.49
2419.16
43.4719
1859.09
575.367
2726.79
70.3026
520.374
651.724
581.24
126.275
2502.81
3150
16.5816
1147.15
2007.61
1033.06
325.228
583.381
2236.69
43.0793
1700.64
2497.19
1026.94
3150
286.543
259.839
1649.12
693.662
25.5606
2634.79
1837.98
760.659
1497.89
1806.54
222.59
1237.92
1809.46
31.6004
33.3041
38.9198
193.308
573.475
419.573
103.39
410.455
2679.81
659.425
72.1453
1455.24
372.05
329.802
242.853
1834.43
60.6234
3150
1181.03
1192.69
782.985
807.432
639.272
107.453
729.488
608.123
168.473
1038.21
1151.7
1596.59
751.367
2052.89
147.461
69.4045
226.525
39.3951
1192.05
1013.5
435.063
1258.81
2116.29
269.752
156.66
1788.43
850.997
667.874
239.09
329.603
2578.3
2176.2
255.375
781.157
2629.51
94.2195
754.313
899.41
708.57
1096.75
2106.63
184.417
172.15
25.8262
948.282
1832.36
13.2006
655.753
567.497
662.326
316.952
43.0338
35.4209
80.7527
624.945
1435.34
484.865
225.623
2850.55
2268.4
429.754
42.503
2656
383.157
1960.78
835.991
570.691
477.739
3150
2371.8
41.824
685.496
1330.19
30.3822
156.313
615.801
9.32648
26.9277
1858.74
760.708
361.576
3150
61.5727
357.896
110.146
2203.87
1398.24
842.385
430.5
773.129
262.99
21.2747
1146.99
394.274
2877.99
401.794
3150
116.775
427.342
1477.75
31.0018
741.345
17.5619
27.2771
2640.16
214.537
2052.5
243.449
797.91
1685.76
1117.7
1858.52
41.698
379.429
218.506
1800.83
488.89
2293.97
686.603
1751.47
701.149
349.217
2466.81
790.599
547.773
167.401
243.122
18.3969
285.71
1446.89
1582.47
301.698
1035.15
2324.22
2456.1
358.658
2539.74
36.3598
704.938
364.951
933.043
782.488
3150
60.3685
2314.72
98.6133
208.916
220.379
1396.63
2114
969.904
594.401
341.781
2142.89
827.476
85.8555
2872.52
2139.18
240.156
419.45
898.245
814.028
12.0372
904.173
231.676
676.976
976.338
66.4862
808.088
182.655
544.718
3150
1111.38
801.727
1454.55
964.027
1822.76
348.466
476.949
3150
1072.42
2658.98
94.7975
565.796
1029.19
542.667
926.884
328.436
3150
487.499
1321.15
84.6784
803.484
1895.04
426.111
679.157
2115.99
1633.07
1367.29
302.861
871.9
1567.38
3150
1275.18
15.1218
57.256
368.226
808.665
803.277
325.463
541.673
207.299
582.966
235.684
1428.05
841.472
68.3829
1342.63
140.327
356.613
487.987
516.931
93.0815
91.0451
559.176
811.645
1331.11
596.555
464.429
3150
604.521
1434.43
1664.07
1072.28
439.687
302.251
1049.12
266.681
311.853
1202.79
533.086
1983.97
1033.1
1408.83
331.746
606.617
380.915
613.426
675.254
26.5695
1801.52
457.413
73.443
675.585
522.297
1674.65
1652.41
758.595
1947.22
1382.03
1183.93
2484.62
471.627
3110.47
469.608
199.437
325.277
381.227
2963.41
1766.84
3150
1634.01
443.49
226.676
2763.63
119.223
170.409
1881.09
2770.04
1532.7
3150
2544.05
245.291
141.364
7.23109
453.023
3150
479.66
881.302
563.537
1178.2
85.1744
54.7892
3150
205.674
2942.9
307.332
437.408
1588.88
1068.03
250.916
686.237
427.114
1354.77
2924.91
929.852
1030.26
446.34
1302.16
2241.33
265.782
678.38
976.918
1781.64
225.164
1338.71
530.056
1168.89
2308.06
63.0859
121.611
1357.43
55.9376
824.939
42.5767
685.963
81.8215
2238.92
1080.56
1317.58
1868.37
388.913
1248.02
377.388
740.872
650.262
89.9751
1193.96
1490.74
1747.74
1417.58
556.248
767.031
1354.08
35.4997
1239.52
883.457
828.237
1181.89
1238.11
110.163
3.99798
451.43
1538.31
457.89
1080.93
2.01273
1526.83
1194.85
699.976
245.322
109.044
183.885
773.135
892.066
3150
1386.92
121.988
172.33
1165.41
478.479
358.295
539.76
3150
21.3485
265.115
1240.9
1837.98
246.351
833.976
694.311
2278.32
940.251
1705.48
1998.88
1122.95
1639.06
264.851
64.6781
262.366
675.845
687.218
311.041
479.205
555.403
1626.01
18.0114
2807.91
241.011
1815.19
299.736
1136.08
709.225
362.838
249.387
205.855
164.162
485.323
1530.94
512.189
148.54
929.722
144.947
2649.71
2253.39
620.229
135.654
3028.2
762.483
831.615
790.379
2186.16
659.28
426.3
708.896
546.418
2066.06
868.751
769.298
458.013
1512.39
927.549
118.082
3100.55
530.645
1575.06
615.955
681.483
1744.55
1143.75
383.747
123.551
457.701
3150
1180.21
74.4013
190.253
1720.8
1449.32
478.827
1994.48
2358.66
102.398
589.637
1134.89
1969.09
3150
132.422
1560.38
350.664
804.682
180.466
402.365
968.689
964.754
32.1201
821.353
6.21608
560.894
1019.55
169.099
86.0662
279.455
229.536
2346.2
150.922
1354.7
61.0367
1452.69
1618.28
589.295
2154.43
476.089
726.539
1012.26
494.909
140.797
204.27
472.318
275.534
718.752
174.41
150.826
809.9
811.66
471.31
803.041
1399.62
64.8051
77.8847
671.282
371.878
114.94
578.754
1295.96
275.236
643.361
126.884
1733.6
803.731
415.434
660.84
1179.17
1710.84
2577.28
144.891
542.849
667.857
2035.64
492.798
581.88
473.981
318.864
457.106
768.296
2684.9
277.364
900.183
534.773
2436.57
498.772
897.989
128.542
1099.52
798.319
57.6345
38.9018
2756.21
84.8785
205.168
545.075
1125.5
1394.82
493.841
143.97
979.418
1266.66
103.188
730.712
780.903
754.81
710.517
1123.68
445.597
2503.17
806.044
1173.03
2944.16
572.708
121.671
141.952
1488.55
1638.68
594.627
2962.79
2843.58
722.789
485.131
1155.01
1387.29
1101.15
545.539
1823.37
650.587
441.828
1591.37
1724.07
1050.56
1262.01
3003.93
61.6967
1243.11
920.771
78.0749
54.1902
1724.7
720.754
473.631
515.678
3109.51
272.568
369.485
3150
589.623
3150
886.997
293.621
1184.23
903.382
3150
472.597
172.695
1710.5
220.928
652.695
3150
553.626
754.967
3150
725.03
27.6391
2204.34
542.25
505.849
320.573
1749.32
450.91
570.447
840.558
569.163
2985.96
758.512
955.179
681.025
1928.75
765.123
306.83
6.14669
487.393
1011.94
58.9031
2817.67
502.791
221.385
997.243
120.411
348.11
1844.21
435.743
297.031
1683.14
1059.21
390.171
247.7
56.9387
186.971
745.641
13.1005
985.424
681.175
1051.14
442.342
1162.36
2056.83
1286.33
1560.17
1460.87
358.983
327.814
150.631
2722.59
568.918
3150
640.986
653.041
1994.93
269.833
548.995
211.186
665.975
208.147
86.8751
569.79
2392.16
273.757
155.803
279.221
436.106
519.032
1623.73
307.621
1419.23
1074.2
118.912
929.615
481.527
1131.98
864.787
136.872
16.5592
1852.87
207.368
277.274
1192.67
2822.67
159.813
400.909
59.2675
622.673
111.629
597.457
471.524
788.752
243.299
35.0373
12.9402
451.391
843.907
656.599
926.133
814.735
3150
631.544
652.899
1113.75
915.453
1086.7
31.8524
356.476
117.941
310.711
883.929
327.486
2080.66
98.313
1304.89
1225.48
147.686
2121.1
558.357
3150
19.579
1570.32
1647.04
485.423
1985.27
120.919
1087.82
1672.71
1488.51
1089.34
1536.09
41.3311
1244.9
396.399
1012.85
227.354
15.3766
267.865
376.346
1689.72
507.425
904.941
734.565
71.7599
162.638
510.44
2071.02
3150
121.549
286.579
515.252
1933.31
39.3662
1374.81
360.926
1444
3150
1204.3
841.236
1633.32
664.506
7.86991
790.968
399.709
1036.96
1496.66
437.56
356.23
211.228
787.486
421.345
1717.11
538.706
430.499
2624.71
1288.27
564.127
2680.55
732.383
614.158
14.42
1628.57
319.757
404.693
1396.51
2546.45
1061.98
952.365
1618.51
169.706
3150
360.455
3150
129.536
214.891
385.192
556.633
100.785
91.5534
2348.35
744.21
847.524
816.477
91.665
2006.8
182.86
1312.01
1142.16
103.567
673.825
268.636
1824.66
542.419
563.864
3150
745.274
3150
2341.27
3150
1282.32
339.124
1236.69
339.446
22.242
1264.59
652.733
1638.15
172.688
256.644
386.215
2016.22
384.523
697.775
42.9591
106.092
3150
449.351
1964.03
1808.22
300.394
537.273
1851.27
63.0831
776.036
555.454
3089.99
1686.33
242.39
1241.37
16.3734
241.76
315.379
494.189
3150
651.96
482.8
850.124
1483.69
562.146
841.589
628.24
135.821
405.814
855.78
830.1
3150
15.8305
1405.12
994.85
581.125
1389.27
381.642
130.143
125.782
14.2776
2075.92
186.119
835.992
84.7942
985.984
816.055
318.843
8.69749
442.583
514.671
1007.12
88.5789
2124.44
234.342
155.328
2830.03
2964.45
197.523
2303.9
1641.34
2195.04
3150
3150
11.1873
692.755
3.53507
487.723
992.394
234.803
2198.13
1146.05
3150
165.882
1189.7
227.448
2800.6
372.296
249.823
90.5705
3085.61
1157.06
1709.36
343.15
510.964
652.143
1044.44
152.633
739.878
364.663
383.706
598.872
1215.95
73.0601
588.532
135.74
183.819
3150
432.367
8.64507
1064.63
100.619
2075.19
1026.27
638.744
1214.52
135.424
3150
56.6643
623.355
493.271
238.835
247.558
904.795
1349.84
2520.66
1488.86
50.6748
504.032
3150
333.943
879.479
718.778
996.642
365.023
470.341
3150
1343.87
1266.86
1143.52
31.9274
1386.45
2058.6
255.389
491.737
268.566
247.247
76.0204
411.4
718.286
872.636
123.196
1133.57
336.432
569.258
387.766
437.517
75.6652
397.256
2363.58
784.249
853.096
3150
126.431
921.982
161.401
640.882
778.538
2946.51
1315.15
7.45103
2623.35
78.0124
147.617
1416.92
385.563
1065.12
333.328
621.576
72.217
420.357
108.925
146.577
1609.8
886.818
1941.57
1182.7
1866.44
1359.62
132.4
59.2338
1050.84
3150
290.214
2220.75
729.951
94.9064
862.258
3150
287.021
704.1
177.101
949.163
444.284
3.16632
74.1885
1166.32
554.079
369.704
1021.89
2368.12
130.814
615.537
316.863
616.255
169.903
59.5394
299.609
13.3385
2327.86
506.691
1729
1366.83
311.576
124.981
1509.84
100.052
3083.38
114.204
763.09
1926.93
1049.12
1471.22
1888
1011.14
3091.61
225.571
763.178
638.422
437.24
370.857
1432.98
886.471
2957.68
1314.35
2586.38
714.979
220.575
322.948
3150
1734.24
17.6283
244.149
149.578
248.471
254.21
1966.64
682.06
336.744
258.202
2104.7
1149.1
628.374
2060.73
29.0006
710.114
938.235
205.078
2402.12
1489.23
756.023
780
128.943
298.298
1134.57
1005.26
140.854
655.138
1761.28
1727.62
364.938
287.621
1127.49
97.0102
1178.15
457.516
1582.56
355.709
1311.35
892.934
760.628
1092.72
295.917
100.19
101.611
346.459
465.567
1445.64
2078.93
3150
62.182
373.055
21.9735
202.896
345.665
1283.33
2221.09
330.926
884.678
82.4997
1056.46
622.799
1038.58
839.836
3121.28
1367.7
1658.24
491.9
527.608
1036.17
357.68
562.395
865.009
1483.32
394.573
27.5039
135.336
891.118
631.02
760.661
534.223
62.3344
1150.7
400.15
2193.86
240.998
622.196
2425.75
1677.09
848.929
2754.82
243.473
905.01
2087.71
110.956
693.168
675.29
912.786
704.839
426.052
939.064
880.746
410.651
1016.98
629.017
2104.87
911.455
377.392
1094.98
49.6582
49.7739
72.9595
1131.87
276.813
654.917
1589.94
3150
2650.13
602.787
1431.18
159.378
346.226
246.967
714.313
111.594
44.3704
1283.51
2080.58
99.7646
47.3247
603.852
1304.48
363.556
250.605
414.093
221.808
1591.13
437.456
1023.29
1451.89
957.059
2661.59
101.507
3150
1147.71
428.016
672.005
1778.46
1467.52
51.2064
598.603
133.358
4.98534
267.256
80.929
864.093
789.815
451.56
881.931
661.706
1416.43
759.498
288.095
2230.34
129.703
744.349
873.17
2959.07
2256.51
1012.12
534.2
881.623
915.431
2702.32
370.886
2263.33
3109.7
734.641
171.271
317.239
1981.94
277.012
209.398
1136.76
199.578
1394.12
2412.94
1745
179.713
602.067
828.729
919.898
486.525
2124.57
1295.8
597.759
140.787
1578.85
2322.57
2250.1
3150
570.187
943.637
2564.78
840.04
3150
1253.24
1066.95
700.121
977.142
17.567
534.153
509.58
1389.54
1090.52
13.2348
140.109
351.796
459.114
567.244
994.863
93.3103
1627.86
2689.43
1776.25
862.78
2599.7
798.752
1396.37
588.505
3150
405.991
2275.31
2261.52
420.552
1015.71
966.855
158.031
928.248
991.258
503.409
293.358
744.074
1615.71
2777.42
2761.49
1424.12
311.161
3150
89.1756
274.888
629.46
1427.12
690.471
1529.84
30.7277
429.96
1477.09
1204.2
2228.74
1000.76
24.4122
422.126
384.33
1678.46
591.793
259.923
1451.23
449.95
299.363
1041.71
2220.63
1078.9
16.6538
455.445
38.0888
890.758
2033.14
119.971
3150
1873.04
506.801
477.065
1622.53
84.0828
828.183
1909.27
1907.79
247.786
566.934
98.2937
637.689
961.064
2822.11
2545.29
1532.97
990.942
605.541
951.49
746.441
163.949
690.321
398.569
514.859
522.719
2613.35
54.035
673.405
133.426
2181.6
432.283
226.563
374
671.398
739.263
1436.51
617.051
807.906
529.866
2409.64
969.222
1811.52
1035.12
2514.2
612.813
1098.74
98.4287
578.034
252.074
575.87
881.653
721.643
727.355
904.01
147.894
1016.65
495.143
223.124
431.254
1081.05
354.33
14.292
1461.54
670.053
1669.23
1234.2
1035.06
141.536
727.699
623.355
496.667
834.757
240.048
760.225
128.844
102.024
843.813
164.505
1198.75
1126.05
721.636
94.1672
166.107
168.127
956.659
270.255
181.154
1106.8
37.8942
593.877
210.216
1359.56
2481.31
430.866
3150
344.398
388.823
1828.65
451.334
555.491
888.884
110.04
840.866
947.763
1070.57
85.9243
1466.17
2781.96
129.099
61.7428
651.34
2060.44
1112.41
696.898
73.4462
653.572
261.375
192.508
982.211
1124.98
1341.11
459.646
211.476
795.351
858.044
410.217
1840.89
1295.63
114.234
2072.85
3150
628.576
160.275
1018.11
366.987
661.935
263.452
834.201
537.409
49.4113
69.0026
817.756
1484.5
888.663
211.758
825.88
866.528
11.9826
406.017
1816.69
2442.05
89.9077
3150
492.791
674.813
3150
850.969
1760.54
3150
323.701
722.399
31.7524
426.731
177.882
64.7956
571.38
2082.28
2478.14
675.353
931.633
1728.96
358.94
601.77
535.334
732.173
651.821
3150
1320.21
1221.32
2513.12
1274.18
1624.31
1384.58
105.199
458.465
3150
1394.39
811.846
1287.12
16.2174
1273.45
197.037
556.803
816.569
813.574
1454.05
633.839
708.648
1269.5
1222.33
145.757
1092.46
163.105
1003.73
1782.5
0.189978
3150
284.84
21.373
982.204
662.079
1141.26
1610.45
142.33
2356.83
686.418
272.79
1212.35
2397.27
7.90079
2122.53
90.5552
27.8722
177.26
277.992
83.5372
1342.39
2821.25
146.928
922.154
218.109
1622.69
346.119
744.641
31.9283
519.686
456.765
1046.19
72.0443
799.749
1018.44
254.911
398.008
3076.23
2806.5
3052.67
1696.61
2452.38
1872.73
254.873
650.58
1189.9
583.543
1162.34
806.259
1536.22
169.92
60.3406
2623.46
1368.53
809.709
447.199
2864.73
782.835
728.632
354.322
999.168
891.156
2349.9
248.342
1067.16
842.919
701.076
891.831
1971.7
1006.26
200.474
307.219
722.388
2475.31
1252.12
1978.52
1509.64
267.801
908.87
331.448
562.956
323.259
2283.47
1301.99
221.859
423.542
636.118
2453.44
422.303
398.774
3150
1596.58
367.806
694.984
99.6905
79.4519
971.786
682.011
337.356
2224.95
379.21
139.168
2977.55
1147.72
310.693
2883.18
2032.3
386.82
393.913
1536.84
677.73
321.657
550.164
611.163
549.412
576.1
4.83703
27.1596
1977.9
87.0709
959.134
1931.92
256.08
621.448
317.573
1524.94
864.683
1445.57
467.891
75.8504
1491.12
622.346
541.471
485.902
1532.89
368.154
1313.96
1622.2
1733.82
172.436
1022.95
225.799
204.458
432.348
649.172
999.055
1.374
414.13
1033.85
361.819
1862.38
3011.2
793.165
87.6854
1170.79
223.907
2577.98
955.899
1413.76
399.572
22.8808
398.35
1795.13
48.8966
288.067
42.2445
185.901
454.543
2189.7
490.058
230.819
1133.22
1678.79
148.821
319.173
644.892
755.458
288.57
418.302
394.26
876.334
549.244
528.902
490.695
532.627
1536.63
2498.21
1549.02
841.535
2169.91
2566
1909.19
2289.83
2036.98
1096.79
9.32654
1282.69
1443.96
968.074
1005.86
845.478
2052.87
802.749
1167.56
1645.28
2153.52
521.188
842.809
1181.81
968.429
605.532
77.8109
1097.64
2028.17
1762.83
3150
100.147
